180
48,228
22,70,250
9,31,89,259
8,17,39,88,268
8,16,25,47,95,275
7,14,23,32,54,102,282
6,13,21,29,38,60,108,288
6,12,19,27,35,44,66,114,294
6,12,18,25,32,41,50,72,120,300
5,11,17,23,30,38,46,55,77,125,305
5,10,16,22,28,35,43,51,60,82,130,310
5,10,15,20,26,33,40,47,56,65,86,135,315
4,9,14,19,25,31,37,44,52,60,69,91,139,319
4,9,13,18,24,29,35,42,48,56,64,73,95,144,324
4,8,13,17,22,28,33,39,46,52,60,68,77,99,148,328
4,8,12,17,21,26,31,37,43,49,56,64,72,81,103,151,331
4,8,12,16,20,25,30,35,41,47,53,60,68,76,85,107,155,335
4,7,11,15,19,24,28,33,39,44,50,57,64,71,79,88,110,159,339
3,7,11,14,18,23,27,32,37,42,48,54,60,67,74,83,92,114,162,342
3,7,10,14,18,22,26,30,35,40,45,51,57,63,70,78,86,95,117,165,345
3,6,10,13,17,21,25,29,34,38,43,48,54,60,66,73,81,89,98,120,168,348
3,6,9,13,16,20,24,28,32,37,41,46,51,57,63,69,76,84,92,101,123,171,351
3,6,9,12,16,19,23,27,31,35,40,44,49,54,60,66,72,79,87,95,104,126,174,354
3,6,9,12,15,19,22,26,30,34,38,42,47,52,57,63,69,75,82,90,98,107,129,177,357
3,6,9,12,15,18,21,25,29,32,36,41,45,50,55,60,66,72,78,85,92,101,110,132,180,360
